16

0
0.000000
5.000000
-2.000000
-5.000000
0.000000
15.000000
0.000000
0.000000
0.000000
0.000000
0.000000
0.000000
0.000000
0.000000
0.000000
0.000000
0.000000
0.000000
0.000000
0.000000
0.000000
0.000000
0.000000
0.000000
0.000000

1
0.500000
4.500000
-2.000000
-5.000000
0.000000
15.000000
0.000000
0.000000
0.000000
-45.000000
0.000000
0.000000
45.000000
0.000000
0.000000
45.000000
0.000000
0.000000
-45.000000
0.000000
0.000000
0.000000
0.000000
0.000000
0.000000

2
1.000000
3.500000
-2.000000
-5.000000
0.000000
25.000000
0.000000
0.000000
0.000000
45.000000
0.000000
0.000000
-45.000000
0.000000
0.000000
-45.000000
0.000000
0.000000
45.000000
0.000000
0.000000
0.000000
0.000000
0.000000
0.000000

3
1.500000
3.000000
-2.000000
-5.000000
10.000000
35.000000
0.000000
0.000000
0.000000
-45.000000
0.000000
0.000000
45.000000
0.000000
0.000000
45.000000
0.000000
0.000000
-45.000000
0.000000
0.000000
0.000000
0.000000
0.000000
0.000000

4
2.000000
2.500000
-2.000000
-5.000000
20.000000
45.000000
0.000000
0.000000
0.000000
35.000000
0.000000
0.000000
-35.000000
0.000000
0.000000
-35.000000
0.000000
0.000000
35.000000
0.000000
0.000000
0.000000
0.000000
0.000000
0.000000

5
2.500000
2.000000
-2.000000
-5.000000
10.000000
55.000000
0.000000
0.000000
0.000000
-35.000000
0.000000
0.000000
35.000000
0.000000
0.000000
35.000000
0.000000
0.000000
-35.000000
0.000000
0.000000
0.000000
0.000000
0.000000
0.000000

6
3.000000
1.700000
-2.000000
-5.000000
0.000000
75.000000
0.000000
0.000000
0.000000
0.000000
0.000000
0.000000
0.000000
0.000000
0.000000
0.000000
0.000000
0.000000
0.000000
0.000000
0.000000
0.000000
0.000000
0.000000
0.000000

7
3.500000
1.700000
-2.000000
-5.000000
0.000000
75.000000
0.000000
6.418724
45.000000
0.000000
-40.000000
45.000000
0.000000
40.000000
0.000000
0.000000
0.000000
0.000000
0.000000
0.000000
0.250000
0.000000
0.000000
0.000000
0.000000

8
3.700000
1.700000
-2.000000
-5.000000
0.000000
75.000000
0.000000
6.418724
0.000000
0.000000
-40.000000
0.000000
0.000000
40.000000
0.000000
0.000000
0.000000
0.000000
0.000000
0.000000
0.250000
0.000000
0.000000
30.000000
30.000000

9
3.900000
1.700000
-2.000000
-5.000000
0.000000
75.000000
0.000000
6.418724
0.000000
-45.000000
-45.000000
0.000000
-45.000000
45.000000
0.000000
0.000000
0.000000
0.000000
0.000000
0.000000
0.250000
0.000000
0.000000
30.000000
30.000000

10
4.100000
1.700000
-2.000000
-5.000000
0.000000
75.000000
0.000000
6.418724
0.000000
-45.000000
-45.000000
0.000000
-45.000000
45.000000
0.000000
0.000000
-30.000000
0.000000
0.000000
30.000000
0.250000
0.000000
0.000000
0.000000
0.000000

11
4.300000
1.700000
-2.000000
-5.000000
0.000000
75.000000
0.000000
6.418724
0.000000
0.000000
-45.000000
0.000000
0.000000
45.000000
0.000000
0.000000
0.000000
0.000000
0.000000
0.000000
0.250000
0.000000
0.000000
0.000000
0.000000

12
4.500000
1.700000
-2.000000
-5.000000
0.000000
75.000000
0.000000
6.418724
0.000000
-45.000000
-45.000000
0.000000
0.000000
45.000000
0.000000
0.000000
0.000000
0.000000
0.000000
20.000000
0.250000
0.000000
0.000000
0.000000
0.000000

13
4.700000
1.700000
-2.000000
-5.000000
0.000000
75.000000
0.000000
6.418724
0.000000
-45.000000
-45.000000
0.000000
0.000000
45.000000
0.000000
0.000000
0.000000
0.000000
0.000000
20.000000
0.250000
35.000000
0.000000
0.000000
0.000000

14
4.900000
1.700000
-2.000000
-5.000000
0.000000
75.000000
0.000000
6.418724
0.000000
-45.000000
-45.000000
0.000000
0.000000
45.000000
0.000000
0.000000
0.000000
0.000000
0.000000
20.000000
0.250000
-35.000000
0.000000
0.000000
0.000000

15
5.100000
1.700000
-2.000000
-5.000000
0.000000
75.000000
0.000000
6.418724
0.000000
-45.000000
-45.000000
0.000000
0.000000
45.000000
0.000000
0.000000
0.000000
0.000000
0.000000
20.000000
0.250000
35.000000
0.000000
0.000000
0.000000

16
5.300000
1.700000
-2.000000
-5.000000
0.000000
75.000000
0.000000
6.418724
0.000000
-45.000000
-45.000000
0.000000
0.000000
45.000000
0.000000
0.000000
0.000000
0.000000
0.000000
20.000000
0.250000
-35.000000
0.000000
0.000000
0.000000

